143504
155657
187412
192708
149786
169661
184866
147860
120459
116693
149700
185904
130219
167594
180341
142889
164532
112483
169863
144935
157105
144441
134920
138341
141996
193667
184145
195653
144739
198192
123045
176690
177306
106347
116682
126280
198992
196604
128049
115893
109999
188607
160080
102160
165442
181250
125822
128003
186183
129176
110620
123797
101819
119931
138249
120000
100545
157894
155239
166142
167669
162558
143847
131191
115939
119961
192578
189353
185285
118230
102244
197099
132222
164674
184088
193477
182714
120237
177536
158267
113736
103299
166202
130069
187121
142605
114919
187675
186307
130704
150668
100688
183465
128706
118055
143539
104224
197903
178322
120183