1:3,9,8,2,6,7,7,7,8,2,5,5,1,7,6,3,8,2,5,3,7,8,7,8,4,2,4,9,7,8
2:7,4,3,8,6,5,5,1,6,2,6,7,4,9,5,4,5,2,4,2,3,6,4,3,7,4,8,8,9,3
3:3,3,7,9,9,5,9,3,4,8,6,1,4,5,7,2,7,1,6,9,7,2,9,2,5,7,3,6,8,1
4:5,3,4,2,1,3,3,1,2,6,8,1,5,2,9,3,5,2,1,4,2,5,9,5,3,7,4,6,3,7
5:5,1,2,4,6,6,7,9,2,8,7,4,2,1,3,1,5,1,4,5,2,1,4,5,3,2,8,7,7,4
6:1,3,3,1,2,8,3,5,7,4,3,7,2,6,8,1,5,8,8,6,2,5,7,1,6,7,4,3,9,4
7:7,1,8,3,1,2,8,3,9,3,4,8,5,3,1,7,7,6,6,3,7,7,4,5,8,4,6,2,1,7
8:7,5,7,1,6,1,1,4,9,8,9,4,5,2,2,9,8,3,5,3,1,9,1,9,3,8,8,3,7,9
9:4,7,8,6,5,7,8,6,1,9,4,8,5,9,5,1,4,7,1,9,2,4,6,4,9,6,7,7,7,2
10:9,9,2,9,1,4,2,7,7,5,5,9,4,4,1,7,7,8,1,8,8,6,7,7,4,5,4,9,4,3
11:1,5,6,8,6,2,3,1,4,6,6,7,8,8,1,7,6,2,4,3,6,6,6,6,6,8,4,6,1,2
12:7,9,9,3,5,4,3,2,9,8,9,7,8,7,5,9,9,2,5,2,5,9,9,7,9,1,3,8,7,5
13:1,2,7,1,2,5,7,7,2,8,9,4,1,8,1,1,9,9,1,8,8,3,5,3,5,4,3,7,9,9
14:4,5,1,8,3,9,6,7,2,9,3,9,5,1,3,2,5,3,4,9,3,2,5,5,6,6,4,4,9,7
15:6,7,8,1,1,9,9,4,5,5,1,7,9,4,8,5,8,3,4,1,3,1,3,9,1,6,3,9,6,6
16:6,9,5,4,2,5,3,7,4,6,2,5,7,3,9,6,8,2,4,9,6,2,4,5,7,3,5,4,2,7
17:6,3,1,9,3,9,7,2,5,3,8,5,7,8,1,9,6,6,1,1,1,8,5,9,9,1,7,5,5,3
18:8,1,3,9,3,9,3,1,7,4,8,8,8,5,8,5,5,3,9,2,5,1,5,8,5,7,3,4,4,1
19:3,2,1,3,5,1,9,7,8,2,9,4,5,6,6,3,5,3,1,7,7,6,8,5,2,9,6,8,6,4
20:1,9,4,6,5,3,3,6,8,1,3,6,3,6,2,9,3,2,8,4,5,1,6,3,6,4,6,2,3,4
21:2,3,9,3,3,8,4,4,3,4,1,7,7,7,5,6,4,3,1,8,8,1,7,9,2,4,9,1,8,3
22:2,2,6,8,3,2,2,3,6,8,3,7,3,9,8,1,5,3,8,5,8,2,1,4,5,4,7,8,3,9
23:1,5,6,7,7,3,5,9,4,9,1,5,2,9,2,1,6,4,8,1,3,5,2,7,7,9,1,8,1,9
24:7,6,8,8,5,6,2,5,7,1,6,2,5,7,8,3,7,8,2,1,9,1,8,4,9,9,4,5,2,3
25:2,7,3,8,6,2,7,2,8,3,4,3,2,9,9,1,3,6,3,9,4,9,6,2,1,9,9,3,2,9
26:6,6,6,8,5,2,6,3,2,4,1,1,3,9,7,8,2,5,8,3,1,5,4,3,7,7,6,2,2,2
27:2,6,5,7,4,6,8,2,2,3,7,3,8,3,9,8,8,2,4,8,7,8,9,9,2,2,7,4,2,1
28:9,7,5,9,2,1,2,3,6,5,8,4,5,4,8,7,5,1,1,5,3,2,6,3,7,9,2,9,5,2
29:3,4,3,4,7,7,5,6,5,7,7,2,4,3,6,6,9,4,3,4,4,5,3,9,4,5,5,2,4,8
30:6,6,4,6,7,1,9,8,8,4,1,9,2,5,5,3,6,9,9,7,4,7,6,1,1,6,1,2,7,4
31:4,7,6,2,3,2,4,6,2,8,5,9,8,3,7,9,8,7,7,7,4,7,9,2,9,2,7,4,5,9
32:4,8,8,2,6,3,8,4,1,1,7,8,5,5,9,3,4,4,7,8,5,1,8,4,6,8,5,5,7,2
33:1,7,5,9,1,1,3,9,8,6,7,7,1,5,9,6,6,1,9,4,6,6,8,6,3,3,9,9,8,2
34:7,6,8,8,5,6,2,5,7,1,7,2,5,7,8,3,7,8,2,1,9,1,8,4,9,9,4,5,2,5
35:5,8,1,6,8,9,2,1,1,8,5,6,9,7,7,2,5,7,1,1,9,2,9,4,3,3,9,1,7,2
36:4,8,5,4,1,5,7,6,6,9,1,6,7,3,3,7,2,5,3,4,7,8,4,9,2,7,1,7,3,5
37:4,7,8,6,5,7,8,6,1,9,4,8,5,9,5,1,4,7,1,9,2,4,6,4,9,6,7,7,7,6
38:6,2,4,2,1,8,6,7,6,9,4,2,4,4,7,5,3,7,4,5,3,8,1,1,4,5,5,3,6,3
39:4,7,5,5,5,7,4,9,1,6,3,4,1,1,5,8,7,6,8,2,9,6,8,1,2,9,4,5,9,8
40:7,2,6,8,3,2,2,3,6,8,3,7,3,9,8,1,5,3,8,5,8,2,1,4,5,4,7,8,3,9
41:1,3,3,8,6,9,4,7,3,6,7,9,1,8,7,9,3,1,3,7,2,3,3,4,2,6,2,9,1,9
42:7,6,6,3,4,6,6,6,7,3,5,5,9,5,2,2,4,3,1,3,9,3,2,5,4,4,6,7,7,1
43:9,1,6,4,1,5,6,8,9,6,1,4,2,4,5,4,2,5,6,4,5,7,5,8,3,6,4,8,8,5
44:4,2,6,7,9,5,2,9,6,8,2,7,7,9,3,8,8,8,6,6,8,3,7,1,1,2,9,3,2,6
45:5,9,2,8,4,5,8,3,8,1,9,7,9,1,9,1,5,7,3,1,2,5,3,8,8,4,4,2,5,8
46:1,7,2,2,4,9,4,1,2,5,7,9,1,2,5,7,8,8,3,1,4,9,2,9,3,9,8,8,1,5
47:7,9,6,2,4,9,1,4,1,9,5,7,7,2,8,6,6,2,1,8,8,2,8,5,9,2,2,4,5,7
48:9,6,7,1,6,1,9,9,9,2,3,6,3,5,8,8,1,3,8,1,1,2,5,2,2,6,6,4,4,4
49:7,8,8,6,6,6,1,1,4,7,8,4,7,1,7,9,1,3,4,5,2,3,9,1,2,4,7,2,9,4
50:4,1,9,7,6,9,8,2,3,2,6,9,5,8,7,3,3,8,1,3,7,6,8,4,2,9,9,1,4,3
51:7,9,9,3,4,4,3,2,9,8,9,7,8,7,5,9,9,2,5,2,5,9,9,7,9,1,3,8,7,5
52:1,3,3,8,6,9,4,7,3,6,7,9,1,8,7,9,3,1,3,7,2,3,3,4,2,6,2,9,1,9
53:4,5,1,8,3,9,6,7,2,9,3,9,5,1,3,2,5,3,4,9,3,2,5,5,6,6,4,4,9,9
54:9,7,7,5,7,2,4,3,8,3,9,1,7,1,8,6,6,2,3,1,8,4,9,2,7,4,3,2,4,5
55:8,2,1,7,1,5,1,7,9,9,2,8,9,6,9,5,8,1,4,4,7,9,9,9,8,1,5,6,5,6
56:6,7,4,3,1,8,3,2,1,2,6,7,4,9,7,1,1,3,7,8,6,7,1,3,4,4,3,5,4,9
57:7,3,9,6,6,9,5,2,7,7,5,9,7,8,2,7,4,6,8,7,1,8,6,8,5,3,3,4,4,4
58:9,5,4,9,2,9,2,2,2,3,1,5,6,6,8,9,4,2,6,3,1,4,1,1,8,2,9,7,7,7
59:5,3,4,2,1,3,3,1,2,6,8,1,5,2,9,3,5,2,1,4,2,5,9,5,3,7,4,6,3,7
60:3,1,2,6,9,9,8,8,7,9,6,7,8,8,9,7,1,1,2,4,3,6,1,6,3,5,5,8,8,3
61:7,1,1,3,2,6,1,2,2,5,2,1,1,1,6,4,5,6,4,6,4,5,6,7,4,8,7,9,9,2
62:5,2,9,2,1,7,5,5,2,9,3,9,5,8,3,9,1,4,7,2,9,3,9,3,7,8,1,5,6,4
63:6,7,6,6,5,2,7,7,2,4,1,3,7,3,3,3,6,3,9,2,4,1,2,5,7,2,2,9,6,3
64:1,9,4,6,5,3,3,6,8,1,3,6,3,6,2,9,3,2,8,4,5,1,6,3,6,4,6,2,3,9
65:7,3,3,5,1,6,4,5,8,5,4,1,2,1,8,6,6,1,2,9,1,5,8,4,1,7,8,9,7,6
66:1,8,4,7,7,7,7,7,5,9,1,1,1,2,5,2,2,6,3,6,7,6,1,1,1,7,7,8,9,1
67:7,6,2,8,1,7,3,7,7,9,6,8,1,5,9,2,8,1,1,8,9,2,3,7,5,3,9,5,2,4
68:4,6,6,3,8,6,4,5,6,3,5,5,9,6,8,1,3,2,8,1,3,8,9,1,2,9,5,7,2,8
69:3,5,1,7,2,8,2,8,9,2,7,8,3,2,7,9,9,8,9,7,7,7,8,9,4,6,5,6,2,4
70:6,7,1,5,6,4,2,6,1,4,7,6,4,1,7,4,7,8,7,1,7,7,5,3,4,8,6,7,3,9
71:4,8,2,2,1,1,8,4,3,6,9,4,8,6,5,4,6,3,8,6,9,6,9,9,9,6,7,8,8,5
72:3,1,2,9,4,1,6,5,6,1,4,5,4,1,5,9,8,9,9,9,2,4,1,1,3,5,3,2,7,2
73:7,5,5,4,1,8,2,1,7,4,8,4,9,7,3,8,9,4,3,2,4,7,6,3,1,4,8,6,7,5
74:9,7,7,4,6,9,1,3,2,5,4,4,9,8,1,6,5,9,8,6,9,3,8,5,5,9,9,7,9,4
75:9,8,2,5,4,4,4,8,8,7,2,7,1,8,4,8,4,5,1,8,3,1,9,8,3,2,3,7,8,5
76:1,6,8,4,5,2,8,1,7,2,8,1,7,9,3,9,1,1,9,8,1,8,6,9,5,4,7,4,2,1
77:8,6,4,2,2,2,9,5,7,2,3,3,4,3,9,5,6,8,5,6,8,4,6,4,4,2,1,1,2,2
78:5,1,2,4,6,6,7,9,2,8,7,4,2,1,3,1,5,1,4,5,2,6,4,5,3,2,8,7,7,4
79:7,1,8,3,1,4,8,3,9,3,4,8,5,3,1,7,7,6,6,3,7,7,4,5,8,4,6,2,1,3
80:5,7,6,6,4,5,8,8,1,8,7,7,8,1,9,3,4,2,3,2,2,6,2,8,4,1,9,5,7,9
81:9,8,2,9,8,3,2,6,7,3,7,5,5,8,5,4,9,5,7,1,7,1,8,8,3,5,7,8,3,7
82:6,9,3,8,9,5,2,5,7,6,7,2,8,2,7,6,1,2,9,7,9,1,5,8,7,9,9,4,7,4
83:7,6,6,3,4,6,6,6,7,3,5,5,9,5,2,2,4,3,1,3,9,3,2,5,4,4,6,7,7,4
84:9,3,4,5,6,1,6,5,9,6,6,1,4,2,4,5,7,8,3,7,2,5,7,2,9,3,3,4,2,7
85:1,9,3,9,2,1,7,4,6,4,5,2,7,9,7,6,6,3,4,5,7,1,7,9,7,1,5,3,5,6
86:5,9,2,8,8,5,8,3,8,1,9,7,9,1,9,1,5,7,3,1,2,5,3,8,8,4,4,2,5,8
87:6,7,6,9,5,1,4,4,9,6,1,2,3,1,3,6,4,4,6,7,1,9,9,1,8,8,8,4,9,7
88:6,1,4,6,4,5,2,5,8,9,7,7,3,5,6,9,4,9,9,8,7,3,3,3,4,7,7,4,6,3
89:1,4,9,4,6,3,9,8,5,3,1,9,2,4,4,4,4,6,6,2,5,6,9,3,6,6,8,3,1,5
90:5,2,7,1,9,5,6,7,8,3,3,7,6,7,5,8,6,9,5,2,6,4,2,5,1,1,9,8,5,3
91:6,5,9,7,2,1,9,8,2,4,1,8,7,2,8,1,3,6,5,4,1,7,9,6,2,6,8,7,8,4
92:1,7,2,2,4,9,4,1,2,5,7,9,1,2,5,7,8,8,3,1,4,9,2,9,3,9,8,8,1,5
93:4,3,1,8,4,8,8,9,3,8,1,9,6,1,5,6,8,1,1,4,8,7,1,4,4,4,6,7,6,1
94:4,5,4,8,4,3,9,6,5,2,8,3,1,7,2,2,2,6,1,1,4,4,9,9,4,3,3,8,9,9
95:4,4,4,1,7,3,5,2,3,9,3,7,9,2,2,5,2,3,3,7,2,9,1,9,4,3,3,1,6,4
96:7,3,7,2,3,4,1,7,5,2,9,2,1,4,8,1,4,4,1,8,7,1,6,7,9,6,6,8,8,6
97:6,6,4,6,7,1,9,8,8,4,1,9,2,5,5,3,6,9,9,8,4,7,6,1,1,6,1,2,7,4
98:9,1,1,4,9,2,6,3,9,3,4,6,5,7,3,2,6,7,5,5,5,3,5,8,9,6,6,2,7,9
99:3,2,2,1,9,4,2,3,7,1,7,2,2,7,8,4,2,8,8,4,2,7,2,8,2,3,5,4,2,7
100:2,1,9,6,9,7,3,6,7,8,2,9,8,7,2,7,7,4,9,8,7,8,7,6,2,6,9,2,6,7
101:4,7,6,2,3,2,4,6,2,8,5,9,8,3,7,9,8,7,7,7,4,7,9,2,9,2,7,6,5,9
102:8,2,8,4,4,5,8,1,8,6,6,6,5,7,4,5,9,5,3,9,2,1,6,2,5,8,7,9,8,4
103:7,3,3,5,1,6,4,5,8,5,4,1,2,1,8,6,6,1,2,9,1,5,8,4,1,7,8,9,7,9
104:5,9,2,9,5,4,7,7,5,7,3,1,3,8,7,5,7,2,3,4,6,7,4,1,1,9,2,3,2,3
105:4,7,7,7,3,4,7,5,8,3,6,6,5,6,3,7,2,4,4,1,2,9,7,9,9,5,3,1,2,5
106:2,1,4,4,2,8,9,6,4,6,1,6,6,8,3,4,3,2,7,6,4,3,8,5,4,3,8,3,2,1
107:6,2,5,3,1,3,5,6,1,6,9,4,6,4,7,6,1,8,9,6,8,1,1,8,3,2,2,3,7,9
108:5,6,3,3,5,9,5,1,9,5,3,4,1,9,6,6,6,4,7,2,9,6,2,2,8,3,1,9,9,4
109:1,7,4,6,7,8,3,1,8,6,8,6,8,9,1,4,8,3,1,4,2,7,7,8,2,9,8,4,5,5
110:7,6,8,8,5,6,2,5,7,1,7,2,5,7,8,3,7,8,2,1,9,1,8,4,9,9,4,5,2,3
111:6,6,8,3,3,1,2,6,8,4,1,9,2,8,7,7,2,3,2,1,9,7,2,3,7,6,5,7,3,9
112:4,1,9,1,5,4,7,6,9,9,3,9,4,4,4,1,8,6,6,7,8,3,3,8,2,5,1,8,3,8
113:5,8,7,7,8,1,2,1,9,8,8,4,5,3,4,4,7,8,6,6,3,3,9,3,2,2,6,9,7,8
114:1,3,8,3,8,5,6,8,5,7,4,3,1,6,1,4,3,4,9,6,8,3,5,8,2,3,4,8,6,1
115:5,8,2,2,5,7,3,4,6,8,1,3,4,1,5,6,7,5,7,7,4,7,9,6,4,2,1,8,3,4
116:8,4,6,9,3,7,8,8,5,1,2,4,1,5,1,6,4,4,1,6,2,7,5,4,2,6,1,2,7,4
117:4,2,9,9,4,3,9,4,4,7,7,4,6,9,4,2,9,9,7,4,5,5,3,7,1,7,6,5,4,4
118:3,2,2,1,9,4,2,3,7,1,7,2,2,7,8,4,2,8,8,5,2,7,2,8,2,3,5,4,2,7
119:9,7,4,7,4,1,2,8,3,1,8,1,7,1,3,3,5,9,4,3,4,2,1,2,5,7,6,9,1,7
120:7,2,6,1,9,7,6,4,9,4,3,8,4,1,2,9,6,2,4,2,3,6,8,5,4,7,4,7,1,9
121:7,5,7,8,7,2,9,7,4,8,7,3,2,4,9,7,4,9,6,5,5,2,4,3,9,2,4,8,1,6
122:3,2,6,9,3,2,8,6,1,7,8,7,4,7,2,4,5,6,6,3,3,6,9,7,4,6,6,9,5,5
123:6,7,8,1,1,9,9,4,5,5,1,7,9,4,8,5,8,3,4,1,3,1,7,9,1,6,3,9,6,4
124:8,5,5,3,4,3,5,9,2,1,2,9,4,1,9,6,3,5,8,3,9,4,7,3,6,9,4,8,4,1
125:6,4,6,1,5,6,1,7,4,5,4,2,4,4,6,6,2,2,9,5,5,2,8,3,7,1,9,6,6,2
126:7,7,8,8,1,5,2,8,6,3,4,5,1,4,4,5,3,8,8,3,1,4,6,3,3,4,7,3,6,6
127:7,4,5,4,9,4,9,8,1,5,1,6,4,6,6,6,4,8,8,4,8,9,7,7,3,8,7,2,6,7
128:1,3,3,1,2,8,3,5,7,4,3,7,2,6,8,1,5,8,8,6,2,5,7,1,6,7,4,3,9,1
129:7,5,2,6,6,9,5,7,1,8,8,5,6,1,1,6,8,4,9,1,9,5,2,8,4,7,7,9,6,6
130:8,6,7,5,2,8,6,1,1,9,4,9,8,4,6,3,1,5,8,3,1,3,9,9,3,7,2,6,5,6
131:7,9,4,9,6,6,5,3,8,3,8,5,7,8,6,2,2,7,6,8,3,6,2,3,9,3,6,8,3,2
132:3,1,7,4,6,8,8,1,7,3,7,7,8,5,8,5,6,8,2,5,2,3,5,9,4,5,4,7,7,2
133:9,3,3,6,2,7,2,7,2,5,2,8,7,9,4,4,3,6,3,2,5,2,4,3,2,2,6,9,6,7
134:3,1,2,6,9,9,8,8,7,9,6,7,6,8,9,7,1,1,2,4,3,6,1,6,3,5,5,8,8,3
135:6,7,8,8,3,5,4,1,3,2,6,5,4,3,2,6,6,6,6,5,3,6,8,8,2,5,4,2,5,9
136:3,3,3,7,7,3,4,3,2,5,4,5,6,2,8,9,1,1,9,7,2,4,3,2,1,6,6,2,4,1
137:1,5,4,8,8,1,6,7,3,3,8,7,4,8,6,1,4,4,7,8,8,1,1,2,5,1,8,2,6,9
138:1,8,3,4,3,5,9,9,5,8,4,8,9,6,2,3,9,9,4,6,4,5,8,6,9,4,4,9,9,9
139:2,5,2,3,1,6,1,6,8,4,8,5,7,9,6,4,1,1,1,4,9,6,7,3,9,6,6,6,3,4
140:6,6,5,8,8,3,7,6,3,6,4,9,8,7,9,7,1,6,9,2,7,5,9,9,1,4,8,3,3,6
141:7,1,4,2,8,5,9,6,2,4,7,3,7,7,2,1,8,1,9,8,6,7,9,1,3,6,5,9,7,3
142:3,3,3,7,7,3,4,3,2,5,4,5,6,2,8,9,1,1,9,7,2,4,3,2,1,6,6,2,4,7
143:6,7,8,1,1,9,9,4,5,5,1,7,9,4,8,5,8,3,4,1,3,1,3,9,1,6,3,9,6,4
144:7,6,6,7,3,5,2,1,8,4,8,2,5,6,5,8,9,6,4,7,4,5,6,9,6,4,5,3,1,6
145:8,8,9,6,7,4,9,2,6,3,6,4,1,2,5,7,5,3,5,7,1,1,9,4,3,5,5,6,5,3
146:4,6,9,9,1,5,1,8,4,1,5,1,2,8,1,4,3,9,3,2,7,7,6,9,9,8,8,1,3,1
147:4,4,4,3,7,6,9,6,8,7,7,7,1,8,3,9,9,6,6,3,3,6,9,8,7,6,8,2,6,6
148:5,9,2,8,4,5,8,3,8,1,9,7,9,1,9,1,5,7,3,1,2,5,3,8,8,4,4,2,5,4
149:2,4,5,2,3,5,9,3,2,5,5,5,5,7,9,3,1,1,3,1,4,1,9,4,4,9,4,7,2,9
150:4,3,8,8,1,8,4,2,4,1,4,2,2,3,7,9,1,2,9,9,5,3,7,7,6,2,1,5,1,6
151:9,1,1,4,9,2,6,3,9,3,4,6,5,7,3,2,6,7,5,5,5,3,5,4,9,6,6,2,7,9
152:4,5,9,9,9,7,9,8,8,3,1,7,8,9,3,9,8,3,4,5,2,8,7,4,1,1,5,6,2,6
153:1,7,4,6,7,8,3,1,8,6,8,6,8,9,1,9,8,3,1,4,2,7,7,8,2,9,8,4,5,5
154:3,3,3,7,7,3,4,3,9,5,4,5,6,2,8,9,1,1,9,7,2,4,3,2,1,6,6,2,4,1
155:6,1,6,1,7,4,7,3,9,7,7,4,2,5,9,5,2,6,1,2,9,6,8,2,2,1,8,5,6,3
156:8,7,2,1,7,2,4,7,1,2,8,5,3,6,4,5,8,6,1,7,8,7,9,1,5,4,1,8,3,8
157:6,4,6,3,3,8,1,7,1,4,4,6,1,4,7,8,7,1,7,4,5,3,7,2,7,3,2,8,4,8
158:2,6,5,7,4,6,8,2,2,3,7,3,8,3,9,8,8,2,4,8,7,3,9,9,2,2,7,4,2,1
159:6,4,6,3,3,8,1,7,1,4,4,6,1,4,7,8,7,1,7,4,9,3,7,2,7,3,2,8,4,8
160:1,5,6,1,1,3,1,9,7,9,1,7,5,2,2,3,1,9,2,5,9,7,1,3,9,9,7,1,7,9
161:8,1,6,2,5,3,2,9,7,2,5,6,8,8,2,9,5,7,4,5,8,1,3,3,1,1,5,1,8,4
162:6,7,2,3,3,8,5,6,9,7,4,4,3,4,1,3,5,7,1,9,2,8,4,4,1,7,9,1,2,9
163:7,1,8,7,4,5,7,6,4,2,4,5,1,1,4,3,4,4,8,8,6,2,7,3,1,3,9,1,9,7
164:8,8,8,9,5,1,9,2,8,9,3,1,5,4,4,6,5,1,2,4,4,3,6,1,5,6,4,2,7,3
165:1,7,2,5,6,7,4,6,2,7,3,3,8,2,4,3,4,9,7,4,6,2,2,1,1,6,4,7,4,6
166:2,4,7,3,9,2,7,3,3,1,4,7,3,1,2,7,1,5,3,7,1,1,7,2,2,6,1,9,2,7
167:6,6,5,8,8,3,7,6,3,6,4,9,8,7,9,7,1,6,9,2,7,5,9,9,1,4,8,3,3,8
168:1,1,4,2,1,5,8,6,3,4,5,4,8,4,8,9,6,1,5,5,3,1,1,1,9,6,6,2,7,5
169:9,8,5,2,7,6,5,5,5,5,1,8,5,3,9,9,6,1,3,1,5,4,6,1,2,3,7,3,7,7
170:7,3,2,5,5,9,9,1,7,2,2,4,8,8,6,9,1,4,2,3,1,4,8,9,1,6,9,9,1,6
171:9,3,5,1,2,3,3,2,3,3,5,6,2,9,4,9,9,3,5,6,7,6,5,6,1,7,9,9,5,9
172:9,8,2,9,8,3,2,6,7,3,7,5,5,8,5,4,9,5,7,1,7,1,8,8,3,5,7,8,3,4
173:2,8,7,7,3,9,6,9,3,5,5,8,5,4,5,9,1,3,5,2,8,4,4,9,6,6,1,8,1,7
174:6,6,6,8,5,2,6,3,2,4,1,1,3,9,7,8,2,5,8,3,1,5,4,3,7,7,6,2,2,2
175:4,7,2,2,9,4,3,7,8,8,6,2,3,4,9,3,5,8,1,4,1,6,8,4,3,5,6,6,7,1
176:5,1,4,4,6,9,3,5,5,4,9,6,5,5,2,8,3,1,4,9,1,2,4,7,8,5,1,5,7,9
177:7,8,8,6,6,6,1,1,4,7,8,4,7,1,7,9,1,3,4,5,2,3,9,1,2,4,7,2,9,7
178:2,4,7,3,9,2,7,3,3,1,4,7,3,1,2,7,1,5,3,7,1,1,1,2,2,6,1,9,2,7
179:5,1,4,4,6,9,3,5,5,4,2,6,5,5,2,8,3,1,4,9,1,2,4,7,8,5,1,5,7,9
180:1,5,6,8,6,2,3,3,4,6,6,7,8,8,1,7,6,2,4,3,6,6,6,6,6,8,4,6,1,9
181:1,1,4,2,1,5,8,6,3,4,5,4,8,4,8,9,6,1,5,5,3,1,1,1,9,6,6,2,7,8
182:7,3,7,2,3,4,1,7,5,2,9,2,1,4,8,1,4,4,1,8,7,1,6,5,9,6,6,8,8,9
183:5,3,7,7,7,9,7,7,4,7,9,2,3,9,7,1,7,4,9,6,6,4,3,9,3,7,7,1,3,8
184:4,6,5,9,8,4,6,7,8,8,3,1,4,6,4,3,5,4,7,1,6,9,6,5,8,2,8,6,3,7
185:3,1,2,6,9,9,8,8,7,9,6,7,8,8,9,7,1,1,2,4,3,6,1,6,3,5,5,8,8,5
186:6,6,8,3,3,1,2,6,8,4,1,9,2,8,7,7,2,3,2,1,9,7,2,3,7,6,5,7,3,3
187:6,2,4,5,3,9,9,1,4,6,4,4,5,6,1,3,5,4,4,6,9,1,6,1,1,9,5,8,7,7
188:1,2,5,2,2,7,4,4,3,4,5,2,7,3,3,8,3,4,9,7,6,8,9,7,4,7,4,6,7,6
189:2,9,1,6,8,5,5,2,6,8,1,2,8,1,2,6,8,1,5,9,6,8,2,3,7,6,2,9,8,9
190:7,2,5,2,1,6,5,4,9,3,1,6,3,7,8,1,2,3,9,7,6,3,9,3,6,5,5,4,5,4
191:6,1,9,9,4,5,9,7,6,6,2,4,8,6,4,7,3,1,7,3,4,7,9,9,4,1,2,9,2,7
192:2,7,2,9,1,5,3,5,4,5,2,9,9,5,5,7,7,4,5,2,8,7,1,3,2,8,5,8,7,3
193:2,1,9,6,9,7,1,6,7,8,2,9,8,7,2,7,7,4,9,8,7,8,7,6,2,6,9,2,6,2
194:5,3,2,9,7,5,1,3,4,8,8,4,2,5,9,4,7,5,1,3,8,7,9,2,8,2,7,8,5,6
195:9,9,2,9,1,4,2,7,7,5,5,9,4,4,1,7,7,8,1,8,8,6,7,7,4,5,4,9,4,7
196:3,8,6,6,4,6,5,4,9,4,4,7,8,6,5,6,4,3,6,3,7,7,1,1,8,8,5,6,1,3
197:4,2,9,1,5,7,5,6,6,7,3,3,9,5,5,5,3,3,2,7,2,8,8,8,5,3,2,6,4,2
198:9,5,4,9,2,9,4,2,2,3,1,5,6,6,8,9,4,2,6,3,1,4,1,1,8,2,9,7,7,7
199:4,8,2,2,1,1,8,4,3,6,9,4,8,6,5,4,6,3,8,6,9,6,9,9,9,6,7,8,8,6
200:8,4,8,3,2,3,9,2,6,5,5,9,3,5,4,8,6,2,4,8,1,3,4,1,3,3,1,8,3,2
201:1,4,7,3,3,3,7,1,5,1,5,9,6,8,2,5,6,1,9,5,5,8,4,4,2,6,5,2,4,6
202:2,5,2,3,5,9,4,9,1,6,3,5,3,3,4,3,1,7,6,4,3,7,7,4,4,5,6,7,4,2
203:8,2,4,9,1,5,3,6,8,5,1,5,6,4,8,1,8,5,9,5,9,2,2,2,4,1,2,3,4,4
204:5,1,4,8,6,1,6,1,9,6,1,4,8,6,6,9,9,8,7,5,7,3,9,9,4,8,5,2,1,7
205:5,8,5,2,5,6,2,4,5,5,3,8,1,6,7,6,7,8,4,1,9,4,2,5,5,9,1,3,1,1
206:8,2,4,8,6,6,2,4,3,5,6,8,4,5,6,5,5,8,3,1,8,6,7,8,3,8,8,3,2,3
207:5,3,7,1,3,7,2,3,3,4,9,2,5,7,2,5,5,1,8,3,9,4,8,2,1,8,3,6,1,6
208:6,4,6,1,5,2,1,7,4,5,4,2,4,4,6,6,2,2,9,5,5,2,8,3,7,1,9,6,6,5
209:9,7,5,9,2,1,2,3,6,5,8,4,5,4,8,7,5,1,1,5,3,2,6,3,7,9,2,9,5,2
210:6,9,7,7,5,6,9,3,9,5,7,8,3,8,8,5,7,6,6,2,6,7,5,7,1,7,1,8,9,2
211:5,1,5,2,2,6,5,5,5,4,9,6,7,6,3,4,4,5,7,4,5,2,7,2,2,2,4,8,5,4
212:9,3,2,5,6,7,6,8,7,2,2,1,6,5,4,1,9,2,6,9,5,7,2,1,2,4,6,1,8,1
213:1,3,3,1,2,8,3,5,7,4,3,7,2,6,8,1,4,8,8,6,2,5,7,1,6,7,4,3,9,1
214:4,2,9,1,6,5,6,5,5,3,9,9,6,1,9,8,6,2,3,5,3,8,7,9,7,7,9,7,4,1
215:6,6,8,3,3,1,2,6,8,4,8,9,2,8,7,7,2,3,2,1,9,7,2,3,7,6,5,7,3,9
216:6,3,4,8,5,8,6,3,1,5,5,2,9,4,8,1,1,5,1,9,3,9,7,4,9,2,4,7,5,4
217:7,2,7,9,4,8,6,1,5,1,8,5,3,7,4,2,9,8,5,6,2,5,8,3,6,2,6,1,1,9
218:6,6,5,8,8,3,7,6,3,6,4,9,8,7,9,7,1,1,9,2,7,5,9,9,1,4,8,3,3,6
219:9,7,7,4,6,9,1,6,2,5,4,4,9,8,1,6,5,9,8,6,9,3,8,5,5,9,9,7,9,4
220:6,1,3,3,9,3,6,6,4,1,3,9,6,8,4,4,1,1,2,4,9,8,9,9,1,8,3,3,1,1
221:8,5,5,3,4,3,5,9,2,1,2,9,4,1,9,6,3,5,8,3,4,4,7,3,6,9,4,8,4,1
222:7,1,8,3,1,4,8,3,9,3,4,8,5,3,1,7,7,6,6,3,7,7,4,5,8,4,6,2,1,7
223:8,7,1,2,5,9,1,7,1,1,1,8,2,8,3,4,3,2,4,6,5,1,9,7,2,4,3,8,9,2
224:3,8,9,3,3,9,3,9,2,3,1,1,1,9,2,4,2,3,9,8,5,7,5,3,5,7,5,9,1,2
225:8,9,5,2,9,9,2,3,3,6,5,7,2,1,7,9,3,5,6,6,9,8,7,5,8,8,9,8,7,2
226:7,5,7,1,6,1,1,4,9,8,9,4,5,2,2,9,8,3,5,3,1,9,1,9,3,2,8,3,7,5
227:9,3,3,6,2,7,2,7,2,5,2,7,7,9,4,4,3,6,3,2,5,2,4,3,2,2,6,9,6,7
228:5,3,4,2,1,3,3,1,2,6,8,1,5,2,9,3,5,2,1,4,2,5,9,5,3,7,4,6,3,4
229:3,2,5,4,3,8,8,3,2,4,6,8,2,4,3,8,7,6,7,4,6,5,5,5,8,7,1,8,7,9
230:7,2,5,3,7,1,4,5,1,3,4,3,1,3,4,7,5,5,6,7,1,7,8,5,3,8,8,3,5,2
231:1,5,6,1,1,3,1,9,7,9,1,7,5,2,2,3,1,9,2,5,9,7,1,3,9,9,7,1,7,9
232:7,3,7,2,3,4,1,7,5,2,9,2,1,4,8,1,4,4,1,8,7,1,6,5,9,6,6,8,8,6
233:9,9,3,8,9,1,9,9,4,5,9,5,6,9,7,3,8,6,9,3,5,1,4,2,1,6,5,8,6,5
234:1,8,5,3,3,7,2,3,6,4,3,9,5,7,1,4,2,5,1,2,3,9,1,8,5,8,5,1,3,7
235:9,3,3,6,2,7,2,7,2,5,2,7,7,9,4,4,3,6,3,2,5,2,4,3,2,2,6,9,6,1
236:2,2,8,8,5,1,7,6,9,6,4,4,9,1,7,7,2,4,8,3,2,6,1,4,4,8,7,4,3,5
237:7,1,1,3,3,9,1,6,4,7,5,3,1,5,3,3,1,5,7,9,5,9,7,8,7,9,7,7,3,2
238:8,2,4,8,2,6,2,4,3,5,6,8,4,5,6,5,5,8,3,1,8,6,7,8,3,8,8,3,2,2
239:9,5,5,2,5,1,8,7,8,2,6,7,9,1,9,2,2,4,3,6,7,2,9,5,6,2,4,4,4,6
240:6,6,6,8,5,2,6,3,2,4,1,1,3,9,7,8,2,5,8,3,1,5,4,3,7,7,6,2,2,8
241:1,6,8,9,3,7,2,7,8,1,8,3,9,7,1,2,1,7,7,4,3,8,2,8,2,8,8,1,5,3
242:5,5,4,9,5,6,7,2,8,2,3,5,1,7,8,2,5,5,4,3,2,2,5,3,8,3,6,7,6,3
243:3,1,6,5,1,9,5,4,5,4,8,1,4,3,4,7,3,7,9,5,4,8,9,3,7,5,9,2,1,5
244:2,7,3,8,6,2,7,2,8,3,4,3,2,9,9,1,3,6,3,9,4,9,6,1,1,9,9,3,2,9
245:2,6,1,6,6,9,3,5,9,1,4,7,4,4,7,4,4,7,8,8,8,3,2,3,6,3,2,8,5,8
246:5,4,7,4,6,9,8,3,2,8,7,8,3,8,4,5,7,4,6,4,6,7,5,5,3,4,3,7,1,6
247:5,4,5,6,8,1,2,5,8,8,1,3,5,4,6,6,1,3,5,3,8,7,4,2,6,2,9,6,1,9
248:3,4,9,8,9,1,7,7,5,9,8,2,3,2,7,4,8,2,5,8,5,5,9,6,6,8,7,1,5,1
249:8,2,1,7,1,5,1,7,9,9,2,8,9,6,9,5,8,1,4,4,7,9,9,9,8,1,5,6,5,1
250:2,2,7,5,7,7,1,6,3,4,8,2,1,9,7,7,4,1,4,3,9,2,7,5,7,2,8,7,5,7
251:2,6,5,7,4,6,8,2,2,3,7,3,8,3,9,8,8,2,4,8,7,3,9,9,2,2,7,4,2,4
252:8,2,4,8,2,6,2,4,3,5,6,8,4,5,6,5,5,8,3,1,8,6,7,8,3,8,8,3,2,3
253:8,3,3,5,2,2,2,8,9,7,7,2,5,3,1,9,2,5,3,6,1,4,5,4,7,5,6,4,7,4
254:7,8,8,6,6,6,1,1,4,7,8,4,7,1,7,9,1,3,4,5,2,3,9,1,2,4,7,2,8,4
255:5,1,5,2,2,6,5,5,5,4,9,6,7,6,3,4,4,5,7,4,5,2,7,2,2,2,4,8,5,2
256:9,9,3,8,9,4,9,9,4,5,9,5,6,9,7,3,8,6,9,3,5,1,4,2,1,6,5,8,6,2
257:8,9,7,5,9,9,5,2,3,8,3,7,5,4,8,6,2,2,3,4,5,2,5,8,7,7,9,2,2,3
258:6,9,7,7,5,6,9,3,9,5,7,8,3,8,8,5,7,3,6,2,6,7,5,7,1,7,1,8,9,2
259:7,1,1,3,3,9,1,6,4,7,5,3,1,5,3,3,1,5,7,9,5,9,7,8,7,9,7,7,3,9
260:7,8,2,6,9,3,7,9,7,4,3,9,4,7,6,6,7,8,2,9,6,4,4,4,8,1,2,5,7,3
261:1,9,4,6,5,3,3,6,8,1,3,6,3,6,2,9,3,2,8,4,5,1,6,2,6,4,6,2,3,4
262:1,5,6,6,1,1,3,6,1,3,2,7,6,9,6,6,6,9,7,7,9,1,4,2,3,4,8,6,4,9
263:3,4,1,6,1,9,9,4,9,3,8,9,5,4,9,1,7,3,5,4,6,7,6,6,8,3,3,5,7,8
264:2,5,1,2,6,6,4,4,1,6,6,2,2,5,1,4,4,2,5,7,3,3,4,4,8,8,3,9,1,8
265:9,7,3,8,1,4,9,9,7,3,7,2,2,5,4,1,3,3,9,4,9,3,6,9,8,6,4,8,4,7
266:2,4,9,9,5,3,6,5,2,9,8,4,9,2,7,6,1,8,4,2,4,2,6,8,3,7,2,6,2,1
267:3,1,9,3,8,6,4,3,8,2,7,6,3,3,9,6,4,4,6,3,3,4,2,3,5,8,7,5,7,6
268:1,7,5,9,1,1,3,9,8,6,7,7,1,5,9,6,6,1,9,4,6,6,8,6,3,3,9,9,8,5
269:5,2,7,1,9,5,6,7,8,3,3,7,6,7,5,8,6,9,5,2,6,4,2,5,1,1,9,8,5,5
270:1,5,6,8,6,2,3,3,4,6,6,7,8,8,1,7,6,2,4,3,6,6,6,6,6,8,4,6,1,2
271:9,1,1,9,7,2,4,1,5,9,4,4,7,5,2,5,6,4,2,1,1,6,6,2,1,6,6,8,3,9
272:4,8,2,2,1,1,8,4,3,6,9,4,8,6,5,4,6,3,7,6,9,6,9,9,9,6,7,8,8,6
273:9,1,6,4,1,5,6,8,9,6,1,4,2,4,5,4,2,5,6,4,5,7,5,8,3,6,4,8,8,4
274:1,4,7,3,3,3,7,1,5,1,5,9,6,8,2,5,6,1,9,5,5,8,4,4,2,6,5,2,4,3
275:2,5,2,3,5,9,4,9,1,6,3,5,3,3,4,3,1,7,6,4,3,7,7,4,4,5,6,7,4,2
276:9,1,1,9,7,2,4,1,5,9,4,4,7,5,2,5,6,4,2,1,1,6,6,2,1,6,6,5,3,9
277:9,3,2,5,6,7,6,8,7,2,2,1,6,5,4,1,9,2,6,9,5,7,2,1,2,4,6,1,8,7
278:8,2,4,9,1,5,3,6,8,5,1,5,6,4,8,1,8,5,9,5,7,2,2,2,4,1,2,3,4,4
279:2,4,3,1,6,9,8,4,9,3,3,7,8,9,6,3,5,7,9,1,1,3,1,9,1,7,2,9,7,1
280:5,8,7,7,8,1,2,1,9,8,8,4,5,3,4,4,7,8,6,6,3,3,9,3,2,2,6,9,7,6
281:4,6,6,3,8,6,4,5,6,3,5,5,9,6,8,1,3,1,8,1,3,8,9,1,2,9,5,7,2,2
282:3,4,1,6,1,9,9,4,9,3,8,9,5,4,9,1,7,2,5,4,6,7,6,6,8,3,3,5,7,8
283:8,2,4,9,1,5,3,6,8,5,1,5,6,4,8,1,8,5,9,5,7,2,2,2,4,1,2,3,4,4
284:7,6,5,5,8,1,8,6,9,9,9,8,1,6,1,5,8,2,1,2,8,8,9,3,9,9,6,9,5,4
285:7,4,8,5,7,9,1,5,7,9,4,7,4,3,8,7,1,2,4,6,3,8,6,4,7,4,1,1,9,2
286:9,1,4,2,9,4,8,5,5,9,1,4,8,5,1,1,5,7,5,1,5,8,3,5,8,1,3,6,5,8
287:6,3,7,5,4,5,2,7,1,6,8,4,1,3,7,7,7,4,8,1,7,8,6,3,2,2,3,4,8,9
288:9,6,3,8,7,7,9,9,1,6,6,8,3,2,9,3,4,2,9,3,3,2,5,1,2,2,7,3,1,6
289:4,8,1,6,2,3,4,7,8,7,7,4,5,8,6,2,4,8,4,6,5,9,1,6,1,6,2,2,6,6
290:7,5,4,6,1,4,6,3,2,6,9,1,5,6,1,2,8,3,4,8,3,9,7,5,2,8,4,3,3,8
291:4,2,8,7,1,6,5,1,1,9,3,7,8,9,7,1,8,7,7,8,1,9,9,3,3,9,2,4,3,1
292:4,7,6,2,3,2,4,6,2,8,5,9,8,3,7,9,8,7,7,7,4,7,9,2,9,2,7,6,5,3
293:7,2,6,8,3,2,2,3,6,8,3,7,3,9,8,1,5,3,8,5,8,2,1,4,5,4,7,8,3,2
294:6,9,5,4,2,5,3,7,4,6,2,5,7,3,9,6,8,2,4,9,6,2,4,5,7,3,5,4,2,9
295:7,3,2,1,6,4,8,1,3,2,5,9,1,8,3,7,9,3,4,1,7,8,9,2,7,6,8,7,3,8
296:6,9,3,2,5,8,4,3,7,1,7,6,1,5,6,2,3,9,2,5,7,9,9,3,9,3,7,7,8,6
297:9,1,1,4,9,2,6,3,9,3,4,6,5,7,3,2,6,7,5,5,5,3,5,4,9,6,6,2,7,6
298:2,9,5,7,3,4,7,8,4,7,8,3,7,9,5,7,5,7,9,2,4,4,5,4,4,5,4,6,9,8
299:8,9,1,5,9,4,9,6,9,5,9,1,3,5,1,9,3,1,3,4,8,2,2,9,1,6,8,9,8,3
300:5,7,8,5,4,4,8,3,1,4,2,9,8,8,2,2,9,7,5,7,9,4,9,6,5,8,1,6,9,2
301:4,7,3,2,1,3,9,2,8,1,9,8,1,9,6,4,6,2,5,1,9,6,2,7,1,5,5,6,8,4
302:4,3,1,9,3,9,7,2,5,3,8,5,7,8,1,9,6,6,1,1,1,8,5,9,9,1,7,5,5,3
303:4,2,1,6,9,1,2,4,7,2,4,7,7,5,2,2,8,6,8,6,3,3,5,4,2,6,5,7,7,1
304:8,2,2,3,1,9,3,9,5,9,6,6,2,5,2,3,2,7,1,1,6,1,1,6,7,9,1,8,2,3
305:9,3,2,5,6,7,6,8,7,2,2,1,6,5,4,1,9,2,6,9,5,7,2,1,2,4,6,1,8,1
306:5,5,1,8,3,9,6,7,2,9,3,9,5,1,3,2,5,3,4,9,3,2,5,5,6,6,4,4,9,7
307:6,6,4,6,7,1,9,8,8,4,1,9,2,5,5,3,6,9,9,7,4,7,6,1,1,6,1,2,7,8
308:8,9,5,7,7,9,8,8,8,5,8,6,1,1,9,8,8,9,4,8,6,7,1,8,3,7,3,4,3,6
309:5,9,9,1,7,3,3,2,1,2,3,1,1,3,7,4,5,2,7,4,9,5,8,7,4,7,6,9,5,4
310:7,5,7,8,7,2,9,7,4,8,7,3,2,4,9,7,4,9,6,5,5,2,3,3,9,2,4,8,1,8
311:9,2,4,4,3,4,2,6,6,6,6,5,3,7,3,8,8,5,4,4,3,2,5,7,4,6,8,8,4,9
312:5,9,7,2,1,8,4,6,3,6,8,2,7,3,6,2,8,5,5,5,9,7,9,1,2,3,8,7,6,5
313:4,7,3,2,1,3,9,2,8,1,9,8,1,9,6,4,6,2,5,1,9,6,2,7,1,5,5,6,8,6
314:7,2,5,2,1,6,5,4,9,3,1,6,3,7,8,1,2,3,9,7,6,3,9,3,6,5,5,4,5,5
315:1,8,2,3,8,2,9,3,9,3,8,9,3,9,8,7,1,1,8,5,6,7,1,1,5,9,4,3,9,7
316:6,9,7,7,5,6,9,3,9,5,7,8,3,8,8,5,7,3,6,2,6,7,5,7,1,7,1,8,9,5
317:4,7,8,6,5,7,8,6,1,9,4,8,5,9,5,1,4,7,1,9,2,4,6,4,9,6,7,7,7,6
318:7,1,4,2,8,5,9,6,2,4,7,3,7,7,2,1,8,1,9,8,6,4,9,1,3,6,5,9,7,3
319:9,9,3,8,9,1,9,9,4,5,9,5,6,9,7,3,8,6,9,3,5,1,4,2,1,6,5,8,6,2
320:3,9,1,4,2,3,4,8,3,9,3,8,3,3,7,1,4,4,4,4,3,5,5,4,7,2,1,6,8,6
321:7,9,6,2,4,9,1,4,1,9,5,7,7,2,8,6,6,2,6,8,8,2,8,5,9,2,2,4,5,4
322:2,8,7,7,3,9,6,9,3,5,5,8,5,4,5,9,1,3,5,2,8,4,4,9,6,2,1,8,1,3
323:4,7,6,6,8,6,3,5,7,9,7,7,2,2,6,3,3,2,2,9,5,3,3,8,8,4,3,9,3,7
324:6,3,1,9,3,9,7,2,5,3,8,5,7,8,1,9,6,6,1,1,1,8,5,9,9,1,7,5,5,2
325:3,9,4,6,6,7,6,2,2,5,2,5,1,8,4,4,4,9,9,3,4,9,3,1,4,6,8,4,5,8
326:9,7,5,6,8,6,2,4,2,5,4,1,7,4,2,4,6,1,1,6,9,5,1,4,3,4,9,2,6,8
327:4,6,8,5,1,1,3,5,1,8,9,1,4,2,6,9,1,3,5,8,6,4,1,3,8,4,2,4,3,4
328:6,9,1,7,7,1,9,8,3,4,7,9,1,4,4,8,5,1,7,4,8,9,2,3,2,2,3,3,9,9
329:6,3,7,5,4,5,2,5,1,6,8,4,1,3,7,7,7,4,8,1,7,8,6,3,2,2,3,4,8,9
330:5,3,2,5,5,5,1,9,8,9,2,4,1,1,3,9,1,2,9,4,8,9,3,9,2,7,5,5,9,5
331:4,3,3,7,2,5,7,5,9,7,9,9,8,2,4,7,3,5,5,7,2,4,1,8,7,4,6,4,8,4
332:3,4,1,6,1,9,9,4,9,3,8,9,5,4,9,1,7,3,5,4,6,7,6,6,8,3,3,5,7,1
333:4,3,3,7,2,2,6,7,5,9,7,7,2,7,7,8,5,2,4,2,3,4,3,7,5,4,7,1,8,1
334:3,1,7,4,6,8,8,7,7,3,7,7,8,5,8,5,6,8,2,5,2,3,5,9,4,5,4,7,7,6
335:3,3,8,8,8,7,3,6,2,1,5,6,8,6,4,3,8,8,3,2,1,6,2,8,4,6,3,1,6,7
336:5,1,2,4,6,6,7,9,2,8,7,4,2,1,3,1,5,1,4,5,2,6,4,5,3,2,8,7,7,4
337:6,1,3,3,9,3,6,6,4,1,3,9,6,8,4,4,1,1,2,4,9,8,9,9,1,8,3,3,1,9
338:1,7,9,6,9,1,8,2,6,8,7,2,7,4,7,2,5,7,7,6,2,7,8,5,4,6,6,9,5,3
339:9,3,4,7,1,6,6,8,2,8,8,1,3,6,9,7,1,1,4,1,5,2,5,9,6,6,5,7,1,3
340:3,8,9,3,3,9,3,9,3,3,1,1,1,9,2,4,2,3,9,8,5,7,5,3,5,7,5,9,1,2
341:7,5,7,1,6,1,1,4,9,8,9,4,5,2,2,9,8,3,5,3,1,9,1,9,3,8,8,3,7,5
342:8,6,4,8,1,8,7,6,2,1,5,2,8,9,5,8,7,6,9,7,3,3,6,7,9,1,3,1,4,2
343:5,8,5,2,5,6,2,4,5,5,9,8,1,6,7,6,7,8,4,1,9,4,2,5,5,9,1,3,1,1
344:7,1,4,2,8,5,9,6,2,4,7,3,7,7,2,1,8,1,9,8,6,7,9,1,3,6,5,9,7,5
345:6,2,9,7,3,9,3,1,5,4,8,6,2,7,5,3,4,1,8,8,5,1,4,7,6,5,3,3,2,9
346:1,3,5,1,9,1,6,4,1,4,1,7,7,6,6,1,9,7,5,6,9,4,7,6,1,7,3,7,3,2
347:4,4,7,4,2,7,5,1,1,3,6,9,1,9,9,6,9,1,8,7,2,6,9,2,4,2,8,9,3,9
348:6,7,5,6,5,4,9,7,5,5,6,9,6,7,1,3,2,6,2,3,2,2,5,6,5,9,2,1,9,5
349:9,6,7,1,6,1,9,9,9,2,3,6,3,5,8,8,1,3,8,1,1,2,5,2,2,6,6,4,4,7
350:6,4,6,3,3,8,1,7,1,4,4,6,1,4,7,8,7,1,7,4,5,3,7,2,7,3,2,8,4,4
351:1,9,3,8,7,8,8,7,8,2,9,3,7,5,3,7,8,3,8,3,2,6,6,2,9,2,9,6,8,4
352:8,9,3,1,8,2,9,3,5,4,1,9,5,3,4,1,9,5,8,4,4,9,4,1,2,2,8,5,2,8
353:6,9,5,4,2,5,3,7,4,6,2,5,7,3,9,6,8,2,4,9,6,2,4,5,7,3,5,4,2,7
354:8,4,6,9,3,7,8,8,8,1,2,4,1,5,1,6,4,4,1,6,2,7,5,4,2,6,1,2,7,4
355:4,6,6,3,8,6,4,5,6,3,5,5,9,6,8,1,3,1,8,1,3,8,9,1,2,9,5,7,2,8
356:5,8,2,2,5,7,3,4,6,8,1,3,4,1,5,6,7,5,7,7,4,7,9,6,4,2,1,8,3,2
357:9,7,7,9,2,2,4,5,7,7,8,7,9,7,8,8,2,8,5,7,7,1,1,6,8,3,2,2,8,2
358:7,1,1,3,3,9,1,6,4,7,5,3,1,5,3,3,1,5,7,9,2,9,7,8,7,9,7,7,3,2
359:3,6,6,1,8,9,2,8,7,4,9,2,3,5,6,2,8,4,9,7,4,4,5,5,6,9,4,9,5,7
360:1,4,7,3,3,3,7,1,5,1,5,9,6,8,2,5,6,1,9,5,5,8,4,4,2,6,5,2,4,3
361:1,6,9,2,7,8,4,1,3,3,7,7,5,9,7,1,5,2,2,6,2,3,1,2,7,6,3,9,2,1
362:3,5,8,4,6,7,2,2,3,2,7,4,4,3,9,9,5,2,6,4,3,5,8,5,7,7,8,1,6,3
363:6,4,7,6,7,3,9,1,2,3,5,9,5,2,3,3,1,3,3,5,9,1,7,4,8,7,9,9,6,5
364:2,3,7,5,7,8,9,9,7,1,3,8,6,9,1,4,6,1,6,3,7,8,1,4,3,4,1,6,1,8
365:5,8,7,7,8,1,2,1,9,8,8,4,5,3,4,4,3,8,6,6,3,3,9,3,2,2,6,9,7,6
366:2,9,8,1,4,4,4,5,2,3,3,2,8,2,3,8,6,1,3,7,9,5,9,2,7,8,3,9,1,5
367:5,4,2,8,5,5,4,5,9,8,3,9,3,5,2,7,3,3,9,1,8,7,2,9,2,1,9,1,6,9
368:2,5,2,3,5,9,4,9,1,6,3,5,3,3,4,3,1,7,6,4,3,7,7,4,4,5,6,7,4,5
369:2,9,9,1,1,8,5,6,3,2,7,9,5,6,6,2,7,4,6,6,5,6,1,7,9,6,4,6,8,2
370:4,5,2,5,6,9,2,8,6,1,3,6,2,1,1,1,1,4,5,6,3,1,7,8,1,2,3,1,1,8
371:6,4,6,1,5,2,1,7,4,5,4,2,4,4,6,6,2,2,9,5,5,2,8,3,7,1,9,6,6,2
372:5,1,4,4,6,9,3,5,5,4,2,6,5,5,2,8,3,1,4,9,1,2,4,7,8,5,1,5,7,1
373:3,1,7,4,6,8,8,7,7,3,7,7,8,5,8,5,6,8,2,5,2,3,5,9,4,5,4,7,7,2
374:9,8,2,9,8,3,2,6,7,3,7,5,5,8,5,4,9,5,6,1,7,1,8,8,3,5,7,8,3,4
375:9,7,7,4,6,9,1,6,2,5,4,4,9,8,1,6,5,9,8,6,9,3,8,5,5,9,9,7,9,1
376:5,1,5,2,2,6,5,2,5,4,9,6,7,6,3,4,4,5,7,4,5,2,7,2,2,2,4,8,5,2
377:7,9,9,3,4,4,3,2,9,8,9,7,8,7,5,9,9,2,5,2,5,9,9,7,9,1,3,8,7,9
378:8,8,9,6,7,4,9,2,6,3,6,4,1,2,9,7,5,3,5,7,1,1,9,4,3,5,5,6,5,3
379:6,3,6,1,9,6,5,9,2,7,9,3,8,2,4,1,6,3,3,1,8,5,9,3,2,2,2,8,5,5
380:5,8,3,6,4,7,9,6,7,5,5,6,8,6,8,2,2,5,9,8,6,5,3,7,5,5,1,4,2,6
381:7,2,9,2,8,3,6,5,9,2,7,5,9,3,2,7,3,8,8,5,7,1,5,4,1,2,6,2,4,5
382:3,2,2,1,9,4,2,3,7,1,7,2,2,7,8,4,2,8,8,4,2,7,2,8,2,3,5,4,2,3
383:2,2,3,5,6,6,1,7,9,4,1,7,6,5,2,5,4,9,2,9,9,5,1,8,7,6,6,3,2,5
384:4,4,8,4,5,4,6,8,8,1,6,7,3,1,7,5,8,4,2,2,8,8,3,3,8,9,2,7,1,6
385:1,7,4,5,8,1,4,5,7,3,8,7,3,3,5,3,9,9,7,4,8,9,2,1,6,4,9,8,7,3
386:4,4,8,4,5,4,6,8,8,1,6,7,3,1,7,5,8,4,2,2,8,8,3,3,8,9,2,7,1,4
387:3,5,5,5,9,2,6,3,3,5,4,8,2,5,5,1,1,1,8,1,3,5,3,5,1,4,2,9,2,8
388:2,1,9,6,9,7,1,6,7,8,2,9,8,7,2,7,7,4,9,8,7,8,7,6,2,6,9,2,6,7
389:6,1,3,3,9,3,6,6,4,1,5,9,6,8,4,4,1,1,2,4,9,8,9,9,1,8,3,3,1,9
390:5,4,2,2,8,5,2,1,1,2,4,6,8,8,1,1,6,9,1,4,2,3,4,5,3,8,3,3,2,5
391:6,3,7,5,4,5,2,5,1,6,8,4,1,3,7,7,7,4,8,1,7,8,6,3,2,2,3,4,8,1
392:8,5,5,3,4,3,5,9,2,1,2,9,4,1,9,6,3,5,8,3,4,4,7,3,6,9,4,8,4,2
393:2,9,1,6,8,5,5,2,6,8,1,2,8,1,2,6,8,1,5,9,6,8,2,3,7,6,3,9,8,6
394:7,1,2,4,5,8,3,8,7,6,3,2,6,9,8,6,4,3,8,3,1,6,4,3,6,8,3,4,3,9
395:3,8,3,3,4,9,6,1,3,1,3,4,3,4,2,3,3,5,3,6,4,3,1,4,1,9,7,7,3,9
396:1,7,4,6,7,8,3,1,8,6,8,6,8,9,1,9,8,3,1,4,2,7,7,8,2,9,8,4,5,1
397:9,1,4,6,2,8,2,1,6,4,6,4,4,7,9,9,9,8,4,7,8,5,1,1,7,9,9,1,2,3
398:8,2,1,7,1,5,1,7,9,9,2,8,9,6,9,5,8,1,4,4,7,9,9,9,8,1,5,6,5,1
399:4,5,4,2,5,8,7,5,3,4,3,2,7,6,4,2,3,7,6,9,7,7,8,1,6,1,4,6,1,4
400:5,8,5,2,5,6,2,4,5,5,3,8,1,6,7,6,7,8,4,1,9,4,2,5,5,9,1,3,1,8
401:6,3,6,1,9,6,5,9,2,7,9,8,8,2,4,1,6,3,3,1,8,5,9,3,2,2,2,8,5,5
402:7,5,5,4,1,8,2,1,7,4,8,4,9,7,3,8,9,4,3,2,4,7,6,3,1,4,8,6,7,4
403:7,9,6,2,4,9,1,4,1,9,5,7,7,2,8,6,6,2,1,8,8,2,8,5,9,2,2,4,5,4
404:1,3,6,5,5,3,5,8,4,6,7,1,5,9,8,4,8,8,6,9,9,6,9,1,6,1,3,8,1,9
405:1,2,3,3,6,7,6,1,5,1,5,6,2,6,8,1,8,6,5,9,8,1,5,6,6,3,9,3,9,7
406:9,7,5,9,2,1,2,3,6,5,8,4,5,4,8,7,5,1,1,5,3,2,6,3,7,9,2,9,5,2
407:7,4,8,5,7,9,1,5,7,9,4,7,4,3,8,7,1,2,4,6,3,8,6,4,7,4,1,1,9,8
408:7,3,9,6,6,9,5,2,7,7,5,9,7,7,2,7,4,6,8,7,1,8,6,8,5,3,3,4,4,4
409:3,6,6,1,8,9,2,8,7,4,9,2,3,5,6,2,8,4,9,4,4,4,5,5,6,9,4,9,5,1
410:7,3,2,5,5,9,9,1,7,2,2,4,8,8,6,9,1,4,2,3,1,4,8,9,1,6,9,9,1,4
411:7,5,7,8,7,2,9,7,4,8,7,3,2,4,9,7,4,9,6,5,5,2,4,3,9,2,4,8,1,8
412:2,4,7,3,9,2,7,3,3,1,4,7,3,1,2,7,1,5,3,7,1,1,7,2,2,6,1,9,2,7
413:4,4,2,7,6,4,5,9,6,6,8,2,4,7,4,5,2,4,4,8,6,5,1,7,9,4,3,9,2,7
414:5,8,2,2,5,7,2,4,6,8,1,3,4,1,5,6,7,5,7,7,4,7,9,6,4,2,1,8,3,2
415:4,1,2,6,3,8,3,1,2,3,8,2,4,2,7,6,7,2,6,9,5,2,4,4,9,7,4,2,4,7
416:6,9,3,2,5,8,4,3,7,1,7,6,1,5,6,2,3,9,2,5,7,9,9,3,9,3,7,7,8,3
417:6,9,3,2,5,8,4,3,7,1,7,6,1,5,6,2,3,9,2,5,7,9,9,3,9,3,7,7,1,3
418:1,1,4,2,1,5,8,6,3,4,5,4,8,4,8,9,6,1,5,5,3,1,1,1,9,6,6,2,7,5
419:7,2,9,4,8,3,6,5,9,2,7,5,9,3,2,7,3,8,8,5,7,1,5,4,1,2,6,2,4,5
420:9,9,2,2,5,1,3,5,4,2,7,9,4,3,5,6,4,9,2,6,6,3,1,6,5,6,1,7,1,2
421:3,7,1,4,2,3,4,8,3,9,3,8,3,3,7,1,4,4,4,4,3,5,5,4,7,2,1,6,8,5
422:9,9,2,9,1,4,2,7,7,5,5,9,7,4,1,7,7,8,1,8,8,6,7,7,4,5,4,9,4,7
423:7,6,6,3,4,6,6,6,7,3,5,5,9,5,2,2,4,3,1,3,9,3,2,5,8,4,6,7,7,1
424:6,6,5,5,4,5,5,3,7,3,7,2,8,3,3,8,9,8,3,2,5,8,9,4,1,3,1,6,3,4
425:3,6,6,1,8,9,2,8,7,4,9,2,3,5,6,2,8,4,9,4,4,4,5,5,6,9,4,9,5,7
426:7,4,8,5,7,9,1,5,7,9,4,7,4,3,8,7,1,2,4,6,3,8,6,4,7,4,8,1,9,8
427:6,5,9,7,2,1,9,8,2,4,1,8,7,2,8,1,3,6,5,4,1,7,9,6,2,6,8,7,8,7
428:6,3,6,1,9,6,5,9,2,7,9,8,8,2,4,1,6,3,3,1,8,5,9,3,2,2,2,8,5,3
429:3,9,1,4,2,3,4,8,3,9,3,8,3,3,7,1,4,4,4,4,3,5,5,4,7,2,1,6,8,5
430:9,1,1,9,7,2,4,1,5,9,4,4,7,5,2,5,6,4,2,1,1,6,6,2,1,6,6,5,3,1
431:7,2,9,2,8,3,6,5,9,2,7,5,9,3,2,7,3,8,8,5,7,1,5,4,1,2,6,2,4,4
432:3,5,5,5,9,2,6,3,2,5,4,8,2,5,5,1,1,1,8,1,3,5,3,5,1,4,2,9,2,2
433:6,8,9,4,1,3,4,6,2,6,2,9,6,4,7,8,5,1,4,2,2,1,9,2,3,2,6,9,5,6
434:8,4,8,3,2,3,9,2,6,5,5,9,3,5,4,8,6,2,4,8,1,3,4,1,3,3,1,8,3,4
435:8,4,8,3,2,7,9,2,6,5,5,9,3,5,4,8,6,2,4,8,1,3,4,1,3,3,1,8,3,2
436:3,8,9,3,3,9,3,9,3,3,1,1,1,9,2,4,2,3,9,8,5,7,5,3,5,7,5,9,1,8
437:1,2,8,4,5,5,1,5,4,8,7,4,7,9,5,9,2,6,9,4,1,9,7,5,7,2,1,5,6,6
438:9,3,5,7,2,3,3,2,3,3,5,6,2,9,4,9,9,3,5,6,7,6,5,6,1,7,9,9,5,6
439:9,1,6,4,1,5,6,8,9,6,1,4,2,4,5,4,2,5,6,4,5,7,5,8,3,6,4,8,8,5
440:6,7,1,8,8,1,6,5,8,5,8,5,7,3,7,9,1,8,1,5,1,3,4,4,1,7,2,3,3,2
441:3,7,3,5,6,7,5,7,6,8,1,4,5,2,1,5,9,3,4,2,3,7,7,8,7,6,8,5,2,8
442:9,1,4,6,2,8,2,1,6,4,6,4,4,7,9,1,9,8,4,7,8,5,1,1,7,9,9,1,2,3
443:6,8,6,4,8,3,2,4,1,8,8,2,6,5,3,9,2,1,7,4,6,8,9,2,2,8,7,3,7,8
444:1,6,4,1,7,1,1,4,4,2,1,4,2,8,4,2,2,6,2,5,8,5,3,8,9,3,7,4,3,4
445:1,2,6,4,9,3,7,6,8,9,7,1,6,8,7,5,1,2,3,9,3,1,6,6,1,8,5,4,7,8
446:6,5,9,7,2,6,9,8,2,4,1,8,7,2,8,1,3,6,5,4,1,7,9,6,2,6,8,7,8,7
447:7,3,2,5,5,9,9,1,7,2,2,4,8,8,6,9,1,4,2,3,1,4,8,9,1,6,9,9,1,6
448:5,2,7,1,8,5,6,7,8,3,3,7,6,7,5,8,6,9,5,2,6,4,2,5,1,1,9,8,5,5
449:6,9,4,3,5,6,8,2,3,7,8,4,6,7,6,4,8,5,6,5,3,3,1,9,8,4,8,2,1,4
450:8,9,5,4,8,9,2,4,4,7,6,3,1,8,7,5,3,7,6,4,7,2,4,3,4,3,1,1,7,6
451:9,7,4,5,8,1,7,3,6,5,7,4,6,8,2,6,9,8,2,6,7,5,4,4,1,7,8,8,9,3
452:8,8,9,6,7,4,9,2,6,3,6,4,1,2,5,7,5,3,5,7,1,1,9,4,3,5,5,6,5,5
453:3,8,9,9,8,4,2,3,6,6,5,7,6,1,1,4,7,9,1,3,3,9,3,3,8,6,6,2,3,2
454:9,5,4,9,2,9,4,2,2,3,1,5,6,6,8,9,4,2,6,3,1,4,1,1,8,2,9,7,7,6
455:1,6,6,5,6,1,6,7,3,5,9,6,9,1,9,2,6,1,5,4,3,3,1,9,7,8,1,2,1,2
456:3,5,3,1,7,1,3,7,9,1,2,5,9,3,3,1,9,8,2,2,5,3,7,8,2,4,3,8,2,1
457:3,2,3,5,3,1,4,7,1,2,9,4,9,2,7,4,9,4,8,4,7,2,2,7,6,2,8,5,4,1
458:7,3,3,5,1,6,4,5,8,5,4,1,2,1,8,6,6,9,2,9,1,5,8,4,1,7,8,9,7,9
459:5,1,5,5,7,1,5,7,5,6,5,3,2,8,1,2,1,4,7,4,1,5,7,9,8,7,9,6,7,9
460:4,7,3,2,1,3,9,2,8,6,9,8,1,9,6,4,6,2,5,1,9,6,2,7,1,5,5,6,8,4
461:1,9,5,5,1,8,9,6,5,2,8,8,9,9,2,6,8,8,6,7,4,8,7,2,9,1,1,7,2,2
462:7,8,6,9,6,3,7,4,7,4,4,5,4,9,5,4,3,9,9,8,7,1,9,3,3,2,5,9,3,9
463:8,7,9,9,8,2,9,1,9,6,8,3,7,9,6,2,8,8,1,7,4,7,5,8,8,7,3,3,3,8
464:4,9,3,7,2,8,4,6,2,1,1,7,7,9,7,9,6,4,6,4,1,6,7,2,4,4,2,4,5,6
465:5,3,6,7,8,6,2,5,5,9,2,5,5,7,3,3,4,7,8,4,4,2,9,7,8,7,6,2,3,2
466:6,4,5,3,4,1,7,5,6,4,6,6,8,6,2,9,7,9,2,4,4,6,9,3,3,5,6,2,6,7
467:1,9,7,8,4,3,5,7,5,9,1,7,2,4,7,7,8,5,8,2,7,8,6,8,4,2,8,6,6,5
468:2,5,1,1,9,8,9,4,7,5,4,7,6,2,2,9,5,3,1,6,1,9,3,8,9,1,9,8,7,5
469:3,6,9,9,5,6,4,2,5,6,4,6,2,9,6,3,7,6,2,9,7,2,2,1,6,9,4,4,6,3
470:4,4,8,4,5,4,6,8,2,1,6,7,3,1,7,5,8,4,2,2,8,8,3,3,8,9,2,7,1,4
471:5,1,7,1,9,2,3,4,2,9,5,2,3,9,5,5,4,7,5,8,7,5,9,5,5,3,5,5,6,1
472:1,5,6,1,1,3,1,9,7,9,1,7,5,2,2,3,1,9,2,5,9,7,1,3,9,9,7,1,7,7
473:3,5,5,5,9,2,6,3,2,5,4,8,2,5,5,1,1,1,8,1,3,5,3,5,1,4,2,9,2,8
474:7,2,5,2,1,6,5,4,9,3,1,6,3,7,8,1,2,3,9,7,6,3,9,3,6,5,5,4,5,4
475:7,5,5,4,1,8,2,1,7,4,8,4,9,7,3,8,9,4,3,2,4,7,6,3,1,4,8,9,7,4
476:1,7,2,2,4,9,4,1,2,5,7,9,1,2,5,7,8,8,3,1,4,9,2,9,3,9,8,8,1,4
477:1,3,3,8,6,9,4,7,3,6,7,9,1,8,7,9,3,1,3,7,2,3,3,4,2,6,2,9,1,6
478:6,2,4,2,1,8,6,7,6,9,4,2,4,4,7,5,3,7,4,5,3,8,1,1,4,5,5,3,6,3
479:1,7,5,9,1,1,3,9,8,6,7,7,1,5,9,6,6,1,9,4,6,9,8,6,3,3,9,9,8,2
480:4,8,3,5,8,3,8,4,3,3,7,3,8,1,5,9,9,5,8,6,1,3,4,3,4,1,6,2,3,6
481:1,9,5,3,7,8,1,4,1,1,1,6,8,3,5,1,3,8,8,6,1,7,4,1,3,8,7,6,8,8
482:6,3,1,7,7,7,5,6,1,2,2,2,1,6,5,9,8,5,4,3,9,6,2,5,5,2,8,9,7,2
483:2,9,1,6,8,5,5,2,6,8,1,2,8,1,2,6,8,1,5,9,6,8,2,3,7,6,2,9,8,6
484:5,9,4,2,9,6,2,8,8,5,5,5,3,1,9,6,4,2,1,4,2,3,8,8,2,5,9,8,8,3
485:6,2,4,2,1,8,6,7,6,9,4,2,4,4,7,5,3,7,4,5,3,8,1,1,4,5,5,3,6,3
486:8,4,6,9,3,7,8,8,5,1,2,4,1,5,1,6,4,4,1,6,2,7,5,4,2,6,1,2,7,4
487:8,4,3,4,9,2,6,5,8,3,2,8,2,7,9,8,2,7,5,8,5,3,2,2,2,5,1,6,7,7
488:1,1,9,2,8,7,4,9,8,6,1,8,2,9,4,7,8,2,4,6,7,8,8,5,5,9,3,8,8,3
489:5,9,2,9,5,4,7,7,5,7,3,1,3,8,7,5,7,2,3,4,6,7,4,1,1,9,2,3,2,6
490:1,2,4,5,2,9,4,5,8,1,7,3,5,1,7,8,7,8,1,4,8,2,7,3,7,7,8,6,7,8
491:9,3,5,7,2,3,3,2,3,3,5,6,2,9,4,9,9,3,5,6,7,6,5,6,1,7,9,9,5,9
492:5,9,2,9,5,4,7,8,5,7,3,1,3,8,7,5,7,2,3,4,6,7,4,1,1,9,2,3,2,3
493:2,4,5,2,3,5,9,3,2,5,5,5,5,7,9,3,1,1,3,1,4,1,9,4,4,9,4,7,2,9
494:2,4,5,2,3,5,9,3,2,5,5,5,5,7,9,3,1,1,3,1,4,1,9,4,4,9,4,7,2,4
495:2,8,7,3,7,3,1,4,2,5,7,3,6,7,5,1,8,7,2,1,8,5,5,3,6,3,3,3,6,8
496:2,8,7,7,3,9,6,9,3,5,5,8,5,4,5,9,1,3,5,2,8,4,4,9,6,2,1,8,1,7
497:7,3,9,6,6,9,5,2,7,7,5,9,7,8,2,7,4,6,8,7,1,8,6,8,5,3,3,4,4,4
498:2,7,3,8,6,2,7,2,8,3,4,3,2,9,9,1,3,6,3,9,4,9,6,1,1,9,9,3,2,4
499:9,1,4,6,2,8,2,1,6,4,6,4,4,7,9,9,9,8,4,7,8,5,1,1,7,9,9,1,2,1
500:9,6,7,1,6,1,9,9,9,2,3,6,3,5,8,8,3,3,8,1,1,2,5,2,2,6,6,4,4,4