1:5,2,3,5,2,9,7,2,3,3,4,9,2,5,7,2,6,7,3,3,3,2,3,1,7,9,4,8,6,8
2:1,3,7,6,2,3,6,3,7,2,5,3,6,1,1,2,4,5,4,4,5,7,2,3,2,6,9,9,4,8
3:7,8,1,4,1,3,7,1,4,1,9,3,8,3,2,7,1,5,7,7,6,2,4,8,3,9,3,5,5,4
4:9,5,5,7,3,6,5,9,7,5,4,4,1,5,8,3,9,5,2,5,7,6,1,3,2,5,8,6,9,5
5:3,2,9,4,9,4,8,7,1,2,5,9,6,2,8,6,3,2,4,6,1,1,6,3,4,4,8,9,2,5
6:3,8,2,5,9,2,1,5,5,9,2,6,6,7,5,5,2,5,6,3,4,2,2,8,7,3,7,8,5,6
7:2,9,2,5,5,7,7,9,9,1,8,9,6,7,6,8,4,1,4,2,6,5,7,4,3,1,2,5,7,9
8:7,6,2,2,2,1,9,2,3,4,4,9,3,4,7,6,1,2,9,3,9,3,3,8,4,5,9,8,2,4
9:7,3,5,8,7,8,2,3,4,1,6,3,6,9,9,1,4,5,5,3,6,2,1,8,5,9,6,5,9,2
10:9,2,9,4,2,4,6,6,8,5,6,8,2,6,6,5,1,4,1,3,5,8,7,4,6,8,7,8,5,3
11:8,9,2,1,8,7,7,3,7,4,4,3,2,7,6,4,4,6,3,7,1,9,7,8,3,8,5,2,5,7
12:4,9,3,5,8,5,1,3,5,9,6,5,8,7,9,6,3,6,1,9,6,9,4,9,4,1,2,7,7,7
13:4,9,5,9,1,8,7,2,4,7,2,6,3,1,5,6,1,1,5,4,8,3,7,2,8,4,8,8,8,1
14:8,8,8,4,7,1,8,2,4,7,1,3,1,2,6,9,3,7,2,2,2,1,1,8,3,3,2,1,8,1
15:4,5,2,5,9,4,4,1,2,7,9,2,3,5,6,5,6,8,1,6,2,7,1,4,7,8,2,1,9,1
16:7,5,9,6,4,2,5,6,1,5,6,2,9,8,5,7,3,7,4,5,4,4,5,2,1,1,5,7,6,5
17:9,3,6,4,5,9,2,8,5,1,4,9,8,8,4,2,5,8,3,6,7,7,6,9,6,1,9,4,8,5
18:7,1,1,2,1,6,4,8,9,1,6,3,4,5,2,8,9,3,8,1,3,2,1,5,2,5,3,6,3,1
19:3,3,6,5,9,4,1,2,2,8,5,2,8,5,7,2,8,1,5,1,3,5,1,4,6,1,6,9,6,8
20:6,3,3,6,1,5,2,5,7,6,1,4,2,8,3,1,9,1,7,2,2,4,2,8,3,6,1,2,6,7
21:4,7,2,3,1,2,1,7,9,7,7,5,6,1,2,8,8,6,9,4,7,6,6,6,3,7,2,5,1,1
22:7,6,9,6,5,8,2,2,2,3,9,6,2,8,6,3,4,9,6,9,7,2,2,5,9,3,2,3,3,9
23:8,1,9,5,7,8,2,8,8,8,3,6,7,3,9,4,7,7,7,6,6,1,5,4,1,5,6,7,8,7
24:2,2,8,8,7,8,7,4,4,5,5,8,9,7,4,6,7,8,9,3,2,7,3,5,5,9,5,2,6,4
25:6,6,3,6,8,3,2,2,2,8,2,3,8,1,8,9,3,8,4,7,9,8,7,6,2,4,5,7,1,2
26:3,9,4,7,8,9,7,2,8,5,6,9,8,3,6,8,9,9,8,4,5,5,1,4,7,5,3,7,3,6
27:7,5,9,3,1,1,5,6,1,7,9,8,8,4,1,4,6,2,9,1,4,4,6,2,5,7,9,1,2,5
28:2,9,1,7,1,3,3,1,7,7,6,5,6,1,3,6,7,6,5,1,9,3,5,8,8,6,9,7,1,5
29:8,9,1,4,6,6,1,6,5,6,2,7,9,8,8,3,2,2,4,2,1,7,5,8,9,6,8,1,3,6
30:1,7,2,7,9,7,9,3,6,1,6,9,3,9,9,6,3,1,7,3,2,6,1,6,6,8,4,6,4,8
31:7,6,4,7,4,6,7,5,1,9,5,4,5,4,4,5,1,8,9,8,6,3,4,4,2,4,2,2,5,3
32:3,6,2,9,5,6,1,2,1,5,8,3,5,1,6,9,5,5,7,9,1,2,2,2,5,1,9,8,9,3
33:4,5,9,6,1,9,4,3,5,9,4,8,4,5,6,1,9,4,5,6,6,4,5,4,8,5,8,3,1,3
34:6,1,5,6,8,6,6,1,7,2,1,8,3,6,2,4,2,5,4,9,9,2,6,3,1,3,3,1,2,4
35:7,9,9,6,5,1,7,1,7,8,3,2,6,8,2,5,5,1,1,9,1,4,3,3,1,3,4,3,4,1
36:4,9,4,9,7,1,9,3,4,5,2,7,2,9,1,6,3,4,9,8,1,6,7,8,1,2,5,1,7,9
37:7,6,7,7,3,7,8,5,5,7,5,4,4,8,6,5,7,5,7,2,3,3,2,9,4,8,8,2,6,4
38:3,2,6,3,1,3,4,1,9,9,2,6,2,8,8,2,6,6,9,2,4,2,2,3,5,7,6,9,3,7
39:6,3,5,4,8,3,9,3,9,8,7,9,2,3,7,1,7,5,4,4,5,5,1,9,3,3,4,6,6,5
40:6,4,1,8,7,5,7,1,4,3,4,7,7,2,9,7,2,2,9,2,3,2,5,3,5,9,3,6,3,1
41:3,2,6,8,5,1,1,3,6,9,8,3,1,3,3,2,5,4,6,5,9,7,7,1,8,1,7,1,9,4
42:4,3,2,6,6,9,1,9,5,5,8,2,7,2,7,6,3,6,3,5,9,3,9,1,8,2,1,5,4,8
43:7,4,8,9,5,6,5,8,4,2,5,2,7,9,5,6,1,2,3,1,8,7,8,5,7,1,1,6,2,1
44:1,6,7,7,2,3,5,9,7,1,2,3,2,2,9,4,7,1,1,9,6,7,8,1,4,9,4,3,4,5
45:8,1,7,6,3,1,7,7,6,5,1,5,4,2,6,1,5,3,5,3,7,9,6,6,8,6,5,3,5,9
46:3,3,1,9,7,1,1,7,3,9,7,1,2,4,8,9,7,2,8,5,4,1,2,9,3,9,2,7,9,8
47:1,9,3,7,2,9,5,6,2,2,3,5,9,8,3,3,7,3,1,1,9,1,6,2,2,6,8,9,4,8
48:2,6,8,4,4,2,7,6,9,9,1,9,4,8,2,5,5,6,3,3,2,2,6,8,8,7,8,8,6,8
49:3,3,5,2,2,6,7,3,1,1,9,6,5,3,4,5,1,4,1,4,3,3,2,9,8,6,1,4,8,8
50:8,5,5,3,9,6,6,5,7,1,5,4,4,7,2,6,3,1,5,2,6,4,1,4,4,6,4,3,7,8
51:3,5,4,5,6,2,9,7,6,4,2,7,3,2,8,4,9,7,5,2,8,7,7,7,3,4,3,7,8,1
52:5,2,6,1,2,3,9,7,3,7,3,5,7,9,2,6,8,6,1,4,4,5,9,7,7,7,3,7,6,1
53:2,9,6,2,5,9,5,6,7,8,2,7,3,4,4,6,3,2,7,8,4,7,3,5,6,7,4,1,9,1
54:2,1,2,7,7,6,4,6,7,8,9,2,2,6,5,5,8,4,7,5,2,1,4,5,7,2,9,5,8,4
55:2,3,6,6,5,3,7,3,1,8,4,9,3,7,1,6,3,6,9,1,6,8,5,4,1,5,2,8,5,1
56:7,4,6,7,3,5,5,4,6,6,3,7,5,1,3,6,1,9,1,2,5,5,5,7,3,6,9,6,9,7
57:5,9,9,3,7,1,8,4,3,5,5,4,9,9,3,9,4,2,3,1,7,1,8,6,6,5,9,5,8,5
58:1,3,6,3,3,6,8,4,4,5,8,9,4,9,9,5,4,5,5,8,8,5,5,2,2,2,6,8,9,2
59:1,6,8,8,3,7,4,4,5,5,2,5,9,5,9,9,1,4,8,8,6,2,2,3,2,7,6,8,5,3
60:8,3,7,8,2,6,2,7,9,4,4,7,8,7,8,8,7,9,5,8,6,5,9,8,8,8,3,5,9,2
61:6,3,8,5,2,1,4,4,1,1,4,3,3,3,2,3,7,7,8,7,4,6,4,5,6,2,3,5,9,7
62:1,2,7,2,5,3,8,2,5,8,7,8,1,6,5,9,5,4,9,4,3,2,2,3,6,3,3,3,6,9
63:1,9,1,6,7,7,7,8,9,1,6,1,5,5,6,8,7,5,7,1,2,5,2,4,8,1,4,8,3,2
64:4,2,5,8,1,2,3,3,7,2,5,3,9,9,4,9,5,7,5,9,5,5,2,3,8,1,4,1,1,1
65:4,8,9,5,2,5,4,7,6,1,4,8,1,4,3,7,4,1,3,3,3,2,4,1,9,2,8,6,3,4
66:7,3,1,1,4,4,3,5,6,5,3,1,6,1,4,5,6,1,8,5,3,3,5,5,5,4,4,1,4,8
67:2,7,8,8,6,1,4,4,2,8,7,4,8,7,2,7,3,2,9,4,2,1,7,4,8,6,1,1,7,7
68:2,6,8,5,1,6,3,9,4,9,8,2,9,7,5,9,6,9,3,3,4,1,8,9,4,3,1,1,9,5
69:6,3,9,2,9,5,9,3,9,3,1,2,1,4,8,3,9,8,3,1,1,8,4,7,5,1,7,4,1,5
70:5,7,7,2,5,9,5,5,7,5,5,5,5,3,6,8,4,1,6,4,4,5,2,3,7,6,5,5,9,2
71:4,8,7,5,6,9,3,1,2,7,3,5,2,2,5,4,2,6,2,9,9,8,2,3,2,7,3,8,9,7
72:9,2,9,1,4,3,4,7,1,4,3,8,1,4,7,3,1,1,5,9,8,6,5,5,1,3,4,8,3,5
73:4,1,8,8,3,2,3,7,3,2,1,9,5,3,4,5,6,8,5,8,7,2,9,1,2,8,1,7,3,6
74:9,3,4,2,4,2,6,9,9,1,8,7,4,5,9,4,3,5,5,6,2,1,1,5,9,4,3,9,6,9
75:5,8,3,8,2,6,7,3,9,2,5,4,6,1,4,6,4,3,4,5,5,2,9,2,4,8,7,4,4,8
76:8,9,3,8,5,4,6,4,3,3,4,4,1,5,8,2,5,5,1,2,8,4,3,4,1,5,8,3,3,2
77:2,5,7,3,2,9,4,2,7,2,7,6,9,8,6,1,4,3,2,6,6,8,8,4,2,8,4,4,4,2
78:5,1,8,9,7,8,6,3,8,2,6,6,2,4,6,4,4,9,8,7,2,3,2,6,3,4,3,6,1,5
79:7,4,1,4,5,6,1,4,2,3,6,1,8,6,8,8,3,7,9,8,6,8,6,5,4,5,9,7,8,7
80:8,7,8,7,3,1,4,8,3,4,1,3,7,1,5,1,3,4,9,5,3,1,8,5,3,4,8,7,6,8
81:3,7,2,5,2,8,8,4,8,4,6,2,4,6,7,1,9,4,6,8,7,4,6,3,9,6,8,5,1,8
82:7,2,3,9,8,3,6,8,8,8,3,2,8,7,2,2,5,4,1,7,1,9,3,3,7,1,7,7,2,4
83:2,7,1,1,6,8,8,4,7,4,8,9,7,9,6,3,8,9,1,5,4,1,2,8,3,5,9,1,7,7
84:6,4,4,5,1,2,1,4,9,6,9,9,9,7,2,2,3,9,7,1,5,6,2,8,1,4,7,7,6,7
85:1,3,3,1,5,3,6,7,8,2,2,9,3,3,5,1,4,9,7,6,7,1,6,6,5,1,5,1,1,8
86:9,1,8,8,8,7,2,2,7,5,2,6,7,1,3,5,5,6,4,2,5,7,4,6,9,7,5,1,8,7
87:8,2,6,9,6,9,6,4,2,4,7,1,7,1,9,4,1,6,8,6,3,4,3,4,8,8,6,3,1,2
88:9,9,7,7,3,8,5,7,1,6,5,8,8,6,3,6,7,7,9,8,4,7,2,9,2,6,9,9,6,6
89:6,9,6,2,8,5,9,8,4,9,8,8,2,6,8,2,2,3,3,3,4,5,3,9,8,2,2,4,8,5
90:8,4,5,1,1,4,7,3,8,6,5,1,1,6,2,5,8,9,2,8,6,9,8,5,5,6,9,3,1,4
91:4,6,4,6,8,3,7,3,7,8,1,8,3,1,7,3,4,3,2,1,2,5,6,9,1,2,3,7,8,6
92:4,3,6,6,1,6,7,3,8,5,7,5,7,5,3,6,3,7,5,2,2,5,7,3,9,9,5,1,2,6
93:4,7,6,7,2,1,4,8,5,5,7,7,1,7,2,9,5,2,5,7,2,3,5,3,6,7,3,6,5,3
94:4,8,4,2,2,6,6,8,9,6,4,8,4,1,9,3,6,4,7,2,3,8,1,2,9,6,5,8,4,6
95:6,6,3,9,7,4,1,4,6,7,2,6,1,8,8,6,5,7,9,1,7,3,4,3,1,1,2,4,8,7
96:7,3,3,9,9,1,5,9,7,4,5,7,2,8,5,3,5,3,1,3,1,8,8,9,6,1,1,7,6,8
97:9,1,7,5,5,4,1,7,2,6,1,8,4,6,1,4,8,5,6,6,2,9,6,3,4,5,7,8,4,7
98:9,1,7,9,4,5,5,2,1,2,4,3,2,7,2,2,1,1,5,9,9,5,7,8,9,2,8,8,3,2
99:7,3,6,5,8,3,4,1,9,1,1,1,9,1,6,2,4,6,8,8,1,8,5,1,2,3,6,3,3,9
100:7,6,2,8,6,6,8,5,4,7,1,4,2,6,1,3,9,4,5,5,7,8,5,8,1,3,5,4,3,1